0.0000000000
0.0000000000
0.0000001285
0.0000262599
0.0006725062
0.0053657410
0.0207791948
0.0498518444
0.0857594553
0.1161188294
0.1317025097
0.1306556953
0.1169323529
0.0965748964
0.0748681838
0.0551902962
0.0390768967
0.0267849534
0.0178851215
0.0116923572
0.0075142364
0.0047629786
0.0029858287
0.0018553254
0.0011448687
0.0007026664
0.0004295056
0.0002617537
0.0001591934
0.0000966957
0.0000586988
0.0000356318
0.0000216392
0.0000131529
0.0000080044
0.0000048786
0.0000029787
0.0000018223
0.0000011173
0.0000006866
0.0000004230
0.0000002612
0.0000001618
0.0000001005
0.0000000625
0.0000000391
0.0000000245
0.0000000154
0.0000000097
0.0000000061
0.0000000039
0.0000000025
0.0000000016
0.0000000010
0.0000000006
0.0000000004
0.0000000003
0.0000000002
0.0000000001
0.0000000001
0.0000000000
0.0000000000
0.0000000000
0.0000000000
0.0000000000
0.0000000000
0.0000000000
0.0000000000
0.0000000000
0.0000000000
0.0000000000
0.0000000000
0.0000000000
0.0000000000
0.0000000000
0.0000000000
0.0000000000
0.0000000000
0.0000000000
0.0000000000
0.0000000000
0.0000000000
0.0000000000
0.0000000000
0.0000000000
0.0000000000
0.0000000000
0.0000000000
0.0000000000
0.0000000000
0.0000000000
0.0000000000
0.0000000000
0.0000000000
0.0000000000
0.0000000000
0.0000000000
0.0000000000
0.0000000000
0.0000000000
